第0次训练集误差:0.321448
第100次训练集误差:0.197861
第200次训练集误差:0.149083
第300次训练集误差:0.119472
第400次训练集误差:0.096130
第500次训练集误差:0.075888
第600次训练集误差:0.058904
第700次训练集误差:0.045474
第800次训练集误差:0.035337
第900次训练集误差:0.027872
第1000次训练集误差:0.022400
第1100次训练集误差:0.018352
第1200次训练集误差:0.015310
第1300次训练集误差:0.012983
第1400次训练集误差:0.011170
第1500次训练集误差:0.009733
第1600次训练集误差:0.008575
第1700次训练集误差:0.007628
第1800次训练集误差:0.006844
第1900次训练集误差:0.006186
训练完成后各个网络参数为
layer/weights/hiddenlayer_w:0 
 [[ 1.93378091  0.14690025  0.1088775   1.16005611  0.96870226 -2.51634908
   0.20325561 -0.93002182 -0.55836052  0.02898524  0.7953034  -0.14363649]
 [ 1.11584449 -1.64017284  0.68422019  1.4373281   0.16726206  1.38773882
  -0.79022896 -1.25902629 -0.97756153  0.69274044 -1.04415298 -0.9862572 ]
 [-0.83810085 -1.51804161 -0.19317409  2.19873023  2.17910814 -3.80175233
  -0.71565819  0.45970741  0.56462586  0.68931788 -0.37640256 -0.30619213]
 [-1.56988728  1.74365175 -2.44176674 -0.18273579  1.51235414  2.76037574
   0.57932061  0.41602868 -0.06019191 -0.00788252 -1.04312193  0.21089056]
 [ 0.32314822 -0.17350446 -0.29448932 -0.41356769  1.34890127 -0.93608314
  -0.56663883 -0.5887053  -0.51464403  1.70201409 -1.17006361 -0.8163482 ]
 [-1.11545467 -0.90162778  2.51330972  0.01955041  1.09209037  1.43905973
  -0.74000847 -1.03683043  0.48770073 -0.33476582 -0.96357238  1.26934099]
 [-1.77877522 -0.63211256  1.9474957   1.50164604 -1.72678411  1.61577153
  -0.74407774 -0.00699003  0.07515258 -2.15251637  2.63062525  0.15410508]
 [-0.83596361  0.27813604 -1.19165242  1.18575037  0.9463796  -0.67667419
  -0.51945889  1.87146115  0.5897398  -2.51557851  1.87264442  0.86280853]]
layer/bias/hiddenlayer_b:0 
 [[ -4.63057011e-01  -5.73605776e-01   6.36560321e-02   2.10972177e-03
   -1.17598113e-03   4.19362694e-01   1.35691494e-01  -1.06471106e-01
    3.26468870e-02  -1.40154707e+00   1.61174059e+00   6.79084361e-01]]
layer_1/weights/outputlayer_w:0 
 [[-2.28166723]
 [-1.1229279 ]
 [ 1.92684567]
 [-0.04890293]
 [-0.46944487]
 [ 5.8146925 ]
 [ 1.19209433]
 [-0.26490054]
 [ 0.42266729]
 [-3.8913517 ]
 [ 4.19361115]
 [ 2.11509013]]
layer_1/bias/outputlayer_b:0 
 [[-0.55027729]]
